
import numpy as np
from sklearn.cluster import KMeans
# Create a list of WCSS values for each k
X=[
    [0, 82, 55, 8, 12, 38, 91, 2, 19, 39, 91, 58, 90, 77, 5, 97, 8, 93, 17, 35, 56, 55, 37, 79, 21, 95, 57, 13, 38, 9, 32, 52, 79, 66, 52, 60, 67, 3, 18, 59, 85, 99, 63, 72, 7, 83, 89, 81, 89, 64, 70, 53, 3, 2, 88, 18, 90, 30, 42, 94, 35, 62, 70, 84, 96, 87, 5, 68, 87, 66, 92, 52, 40, 74, 62, 50, 85, 71, 26, 44, 16, 48, 49, 79, 87, 2, 13, 90, 57, 68, 71, 23, 1, 58, 17, 4, 62, 62, 1, 50],
    [36, 0, 73, 51, 49, 41, 65, 13, 48, 13, 42, 12, 20, 17, 52, 25, 85, 79, 17, 46, 43, 63, 92, 92, 34, 51, 70, 4, 84, 50, 38, 100, 55, 49, 68, 14, 24, 44, 80, 95, 17, 27, 34, 71, 12, 11, 35, 55, 34, 46, 52, 41, 67, 80, 31, 47, 80, 88, 7, 30, 64, 41, 38, 50, 78, 11, 77, 75, 39, 37, 64, 62, 77, 35, 5, 88, 80, 100, 97, 53, 100, 82, 94, 87, 5, 37, 1, 9, 78, 93, 55, 84, 33, 37, 82, 58, 45, 39, 15, 55],
    [3, 73, 0, 99, 68, 22, 2, 64, 11, 47, 14, 28, 22, 17, 3, 91, 54, 15, 8, 5, 43, 35, 12, 96, 62, 91, 38, 41, 80, 18, 55, 61, 81, 61, 75, 65, 12, 56, 98, 99, 17, 16, 93, 2, 14, 100, 89, 90, 31, 18, 81, 83, 20, 11, 50, 31, 25, 29, 43, 67, 25, 81, 92, 29, 99, 1, 52, 49, 38, 50, 21, 3, 12, 90, 33, 15, 9, 2, 20, 64, 48, 86, 80, 40, 91, 8, 2, 46, 12, 43, 10, 57, 51, 5, 91, 81, 79, 96, 20, 14],
    [92, 27, 63, 0, 64, 7, 77, 51, 5, 52, 6, 35, 38, 58, 16, 75, 46, 59, 21, 62, 39, 83, 1, 90, 61, 6, 30, 64, 93, 11, 65, 93, 90, 56, 23, 14, 75, 25, 73, 64, 30, 30, 53, 58, 38, 41, 3, 16, 82, 46, 17, 77, 4, 27, 34, 94, 7, 35, 78, 6, 40, 78, 12, 89, 11, 81, 96, 20, 52, 63, 77, 76, 26, 95, 14, 91, 78, 32, 94, 2, 41, 41, 67, 91, 19, 17, 24, 43, 58, 48, 51, 80, 56, 65, 3, 98, 68, 87, 66, 96],
    [9, 59, 26, 26, 0, 38, 91, 68, 11, 82, 11, 3, 68, 87, 87, 13, 42, 23, 90, 94, 72, 6, 31, 1, 13, 24, 13, 92, 3, 96, 59, 77, 58, 6, 17, 6, 53, 6, 47, 75, 26, 36, 94, 86, 23, 78, 65, 8, 35, 46, 11, 6, 52, 97, 45, 6, 99, 53, 75, 42, 75, 45, 59, 7, 40, 29, 82, 100, 95, 62, 13, 82, 47, 93, 14, 71, 56, 47, 55, 63, 10, 8, 67, 44, 11, 43, 45, 50, 80, 44, 59, 10, 94, 42, 2, 81, 25, 75, 11, 72],
    [15, 4, 56, 89, 57, 0, 11, 25, 60, 42, 21, 70, 36, 28, 31, 52, 17, 2, 72, 31, 41, 98, 41, 75, 79, 37, 13, 75, 17, 82, 33, 75, 93, 19, 12, 4, 48, 15, 34, 91, 30, 47, 92, 55, 95, 43, 69, 93, 91, 20, 84, 31, 98, 2, 63, 91, 68, 25, 51, 100, 52, 15, 40, 62, 52, 16, 94, 9, 24, 86, 19, 10, 51, 83, 24, 23, 35, 71, 86, 18, 97, 72, 61, 27, 86, 6, 19, 76, 54, 34, 10, 32, 40, 50, 42, 22, 20, 21, 5, 13],
    [65, 53, 61, 94, 62, 77, 0, 64, 10, 6, 20, 32, 41, 83, 20, 14, 38, 4, 58, 61, 98, 19, 81, 54, 11, 7, 28, 15, 29, 38, 78, 24, 91, 10, 54, 67, 39, 84, 79, 83, 77, 33, 18, 84, 2, 31, 50, 13, 27, 15, 95, 67, 22, 32, 5, 41, 80, 59, 3, 13, 98, 18, 12, 65, 59, 33, 6, 3, 50, 64, 37, 56, 90, 59, 90, 82, 31, 76, 100, 88, 84, 27, 16, 14, 91, 42, 19, 43, 38, 43, 74, 12, 54, 90, 10, 64, 10, 19, 66, 99],
    [41, 8, 70, 72, 78, 53, 29, 0, 16, 96, 51, 85, 18, 19, 70, 18, 11, 59, 68, 72, 39, 86, 71, 47, 42, 24, 21, 72, 63, 90, 75, 82, 7, 31, 26, 80, 74, 69, 30, 67, 50, 2, 26, 87, 29, 34, 12, 28, 96, 81, 27, 51, 89, 21, 63, 45, 52, 94, 49, 36, 56, 73, 29, 73, 81, 2, 52, 36, 30, 23, 23, 66, 61, 43, 19, 99, 39, 49, 55, 35, 4, 88, 46, 36, 29, 88, 33, 28, 57, 97, 32, 43, 29, 92, 14, 90, 10, 11, 69, 88],
    [13, 74, 79, 11, 71, 5, 2, 82, 0, 69, 71, 88, 22, 24, 66, 2, 55, 4, 59, 81, 60, 19, 67, 72, 65, 83, 34, 6, 87, 64, 84, 54, 55, 75, 31, 65, 91, 8, 100, 91, 58, 79, 11, 84, 95, 58, 73, 31, 35, 72, 75, 9, 75, 27, 18, 88, 92, 42, 2, 15, 86, 28, 24, 31, 5, 6, 22, 53, 16, 35, 11, 10, 61, 12, 7, 70, 61, 7, 92, 2, 93, 24, 52, 81, 67, 48, 85, 42, 49, 16, 75, 70, 34, 28, 36, 57, 46, 21, 71, 35],
    [13, 27, 42, 85, 9, 72, 71, 88, 31, 0, 12, 57, 77, 10, 37, 2, 34, 1, 24, 94, 16, 71, 100, 24, 70, 26, 24, 60, 66, 97, 9, 2, 23, 91, 81, 77, 78, 62, 90, 47, 43, 6, 72, 3, 58, 67, 89, 41, 15, 39, 72, 99, 1, 76, 86, 87, 73, 34, 51, 40, 4, 26, 65, 41, 47, 61, 42, 85, 70, 79, 98, 16, 42, 93, 7, 37, 77, 82, 70, 7, 4, 20, 12, 28, 20, 77, 87, 17, 64, 75, 86, 13, 19, 52, 91, 21, 19, 42, 92, 88],
    [66, 17, 39, 38, 55, 93, 9, 7, 31, 76, 0, 68, 77, 18, 96, 30, 69, 96, 25, 48, 78, 29, 53, 98, 77, 67, 60, 39, 69, 13, 62, 90, 7, 31, 45, 37, 59, 91, 40, 49, 12, 20, 35, 15, 27, 28, 45, 35, 73, 88, 36, 66, 89, 43, 66, 59, 77, 37, 89, 55, 36, 72, 10, 57, 66, 41, 29, 54, 46, 28, 91, 33, 38, 10, 62, 54, 74, 57, 57, 57, 67, 78, 97, 28, 16, 72, 58, 22, 64, 92, 3, 34, 89, 71, 5, 38, 38, 14, 68, 20],
    [29, 84, 21, 87, 32, 80, 6, 27, 71, 65, 49, 0, 18, 41, 39, 72, 79, 39, 96, 1, 67, 98, 49, 93, 62, 32, 70, 8, 6, 98, 89, 84, 99, 61, 59, 100, 8, 36, 38, 99, 95, 39, 58, 58, 95, 93, 65, 23, 13, 48, 30, 77, 15, 85, 75, 49, 67, 84, 43, 98, 37, 67, 20, 70, 53, 49, 71, 40, 73, 45, 41, 46, 31, 26, 10, 52, 91, 23, 23, 23, 14, 32, 23, 37, 20, 30, 46, 43, 99, 77, 7, 94, 56, 71, 22, 70, 65, 75, 65, 41],
    [86, 17, 21, 42, 9, 26, 93, 1, 84, 38, 59, 11, 0, 61, 62, 26, 46, 76, 54, 52, 65, 80, 100, 20, 33, 18, 13, 83, 3, 69, 100, 31, 78, 50, 9, 98, 26, 31, 50, 81, 48, 1, 39, 8, 21, 88, 40, 91, 91, 45, 22, 33, 17, 29, 43, 16, 61, 59, 5, 77, 99, 31, 81, 22, 72, 91, 22, 66, 58, 47, 68, 13, 93, 19, 19, 97, 5, 35, 23, 1, 97, 86, 94, 10, 35, 2, 28, 7, 70, 92, 42, 13, 1, 33, 70, 16, 63, 39, 64, 49],
    [34, 93, 54, 4, 29, 75, 75, 85, 69, 30, 72, 66, 93, 0, 43, 66, 57, 25, 67, 50, 100, 10, 19, 94, 78, 45, 24, 97, 32, 56, 79, 76, 21, 48, 25, 59, 51, 60, 41, 82, 51, 79, 5, 39, 11, 41, 97, 39, 4, 53, 100, 94, 31, 21, 21, 40, 74, 43, 73, 84, 30, 93, 64, 46, 33, 85, 34, 70, 68, 64, 79, 18, 59, 89, 23, 33, 22, 94, 61, 55, 51, 61, 89, 39, 70, 7, 38, 44, 67, 3, 56, 68, 35, 65, 41, 92, 30, 94, 99, 16],
    [46, 93, 21, 59, 81, 99, 90, 37, 22, 17, 27, 52, 75, 50, 0, 11, 96, 5, 81, 6, 59, 20, 40, 26, 45, 20, 22, 29, 4, 1, 49, 65, 88, 7, 54, 49, 47, 16, 61, 45, 97, 58, 7, 89, 19, 33, 56, 15, 72, 61, 32, 25, 17, 59, 95, 98, 21, 3, 52, 14, 78, 16, 51, 64, 18, 1, 69, 22, 93, 7, 99, 81, 99, 76, 73, 23, 44, 71, 64, 22, 21, 10, 6, 50, 71, 35, 37, 48, 88, 5, 76, 61, 68, 56, 75, 97, 95, 30, 92, 47],
    [10, 48, 65, 50, 91, 25, 40, 38, 67, 54, 61, 29, 40, 48, 72, 0, 23, 21, 35, 14, 8, 19, 2, 25, 42, 7, 48, 97, 90, 90, 46, 11, 95, 1, 71, 31, 96, 73, 98, 43, 51, 32, 56, 60, 80, 10, 89, 77, 53, 62, 93, 24, 9, 6, 43, 74, 80, 72, 53, 93, 35, 26, 93, 60, 97, 46, 85, 53, 9, 79, 90, 87, 38, 4, 82, 12, 49, 84, 92, 44, 94, 74, 63, 15, 31, 75, 84, 85, 88, 38, 30, 19, 38, 13, 8, 60, 5, 46, 65, 29],
    [12, 63, 84, 62, 76, 46, 33, 86, 40, 31, 60, 11, 47, 5, 43, 69, 0, 23, 81, 35, 70, 93, 81, 28, 76, 47, 90, 76, 20, 35, 34, 60, 20, 100, 43, 74, 40, 83, 8, 74, 58, 14, 79, 24, 82, 80, 74, 76, 28, 46, 14, 98, 67, 32, 100, 14, 73, 35, 63, 87, 57, 70, 36, 25, 20, 47, 82, 60, 88, 95, 96, 45, 51, 46, 6, 28, 97, 93, 90, 23, 23, 70, 67, 37, 31, 75, 72, 28, 80, 65, 59, 33, 24, 25, 94, 37, 3, 5, 33, 88],
    [62, 76, 40, 40, 92, 38, 20, 92, 91, 40, 54, 8, 70, 23, 93, 55, 16, 0, 62, 55, 54, 20, 97, 30, 31, 6, 37, 91, 12, 70, 62, 100, 19, 87, 84, 100, 92, 15, 54, 37, 15, 4, 65, 88, 67, 85, 34, 62, 19, 74, 4, 12, 9, 4, 15, 68, 34, 84, 80, 12, 84, 76, 100, 52, 82, 9, 26, 79, 27, 31, 85, 91, 9, 53, 37, 73, 39, 78, 95, 51, 19, 99, 94, 27, 20, 72, 53, 31, 24, 75, 35, 81, 71, 31, 32, 75, 19, 26, 97, 94],
    [59, 45, 84, 11, 27, 77, 69, 91, 28, 46, 93, 62, 30, 7, 47, 9, 85, 99, 0, 63, 78, 26, 99, 83, 54, 59, 100, 69, 34, 3, 87, 30, 46, 33, 4, 17, 93, 68, 77, 30, 37, 24, 72, 48, 58, 44, 55, 47, 4, 19, 75, 26, 12, 43, 64, 87, 28, 85, 58, 35, 24, 59, 83, 45, 34, 64, 45, 74, 99, 74, 69, 15, 31, 38, 26, 93, 60, 55, 53, 8, 72, 72, 6, 64, 77, 55, 83, 94, 36, 63, 34, 41, 60, 75, 53, 35, 40, 94, 11, 9],
    [77, 15, 64, 37, 61, 32, 23, 67, 5, 77, 34, 63, 81, 21, 6, 64, 93, 35, 2, 0, 4, 93, 71, 61, 49, 68, 21, 41, 41, 30, 94, 60, 22, 29, 13, 63, 19, 70, 70, 11, 41, 61, 42, 70, 87, 52, 33, 73, 16, 24, 79, 69, 71, 12, 86, 89, 63, 91, 40, 13, 30, 32, 9, 55, 71, 13, 1, 68, 87, 46, 88, 17, 56, 62, 3, 96, 82, 3, 98, 89, 5, 27, 40, 20, 69, 13, 29, 58, 10, 21, 5, 58, 88, 100, 18, 65, 86, 90, 52, 12],
    [90, 100, 1, 15, 68, 26, 71, 75, 90, 85, 66, 48, 19, 12, 4, 93, 77, 10, 46, 12, 0, 31, 4, 91, 21, 73, 3, 4, 14, 98, 85, 85, 5, 73, 68, 15, 93, 95, 79, 96, 1, 15, 87, 98, 16, 48, 96, 1, 66, 51, 46, 39, 86, 72, 58, 72, 100, 24, 23, 64, 36, 52, 39, 66, 5, 23, 1, 85, 71, 75, 50, 44, 60, 58, 62, 5, 38, 65, 80, 33, 33, 78, 44, 30, 49, 43, 53, 57, 1, 58, 48, 54, 29, 22, 26, 93, 39, 14, 18, 65],
    [27, 6, 64, 22, 57, 84, 15, 51, 66, 21, 5, 100, 52, 20, 72, 66, 14, 69, 27, 31, 99, 0, 83, 27, 13, 27, 28, 78, 21, 84, 43, 64, 14, 44, 72, 27, 33, 89, 88, 91, 75, 100, 74, 54, 96, 87, 54, 40, 22, 20, 1, 36, 60, 48, 43, 59, 67, 68, 20, 22, 28, 53, 19, 14, 3, 24, 16, 96, 37, 40, 57, 55, 76, 47, 67, 23, 95, 51, 9, 37, 11, 74, 75, 3, 82, 87, 38, 47, 89, 16, 12, 86, 24, 1, 32, 7, 13, 53, 75, 15],
    [94, 61, 18, 37, 62, 74, 15, 90, 95, 1, 29, 2, 7, 70, 46, 61, 72, 13, 88, 32, 96, 58, 0, 32, 66, 82, 50, 46, 10, 64, 59, 25, 29, 4, 69, 44, 98, 75, 44, 63, 64, 3, 31, 64, 61, 18, 91, 97, 64, 3, 34, 92, 82, 45, 38, 23, 46, 25, 38, 39, 59, 19, 47, 73, 92, 97, 78, 40, 69, 14, 24, 39, 15, 77, 92, 52, 75, 26, 63, 52, 54, 25, 53, 72, 55, 19, 85, 99, 55, 35, 47, 95, 100, 83, 2, 22, 65, 20, 65, 33],
    [40, 46, 78, 56, 29, 68, 50, 21, 45, 47, 49, 98, 36, 97, 18, 13, 24, 64, 58, 17, 1, 80, 68, 0, 9, 22, 71, 16, 22, 14, 91, 6, 84, 89, 52, 74, 20, 97, 16, 62, 32, 99, 3, 81, 50, 51, 98, 20, 95, 62, 12, 82, 59, 25, 19, 39, 23, 76, 46, 78, 40, 4, 36, 77, 89, 17, 14, 67, 88, 45, 13, 51, 70, 73, 46, 1, 15, 25, 24, 2, 12, 18, 88, 68, 30, 61, 33, 85, 83, 43, 28, 76, 76, 26, 81, 18, 44, 87, 26, 27],
    [4, 65, 59, 44, 33, 23, 42, 72, 61, 76, 44, 81, 42, 91, 61, 87, 27, 100, 55, 19, 76, 39, 60, 89, 0, 95, 41, 94, 49, 89, 84, 2, 4, 14, 63, 16, 97, 99, 60, 6, 61, 68, 7, 9, 51, 85, 41, 3, 58, 19, 54, 39, 8, 10, 23, 94, 19, 43, 32, 5, 40, 16, 81, 91, 62, 40, 10, 94, 84, 66, 49, 59, 23, 80, 68, 21, 45, 27, 36, 50, 50, 18, 68, 96, 64, 94, 11, 97, 16, 38, 1, 30, 45, 25, 27, 56, 84, 97, 100, 52],
    [8, 55, 18, 11, 99, 20, 89, 95, 85, 64, 37, 63, 33, 45, 53, 74, 57, 13, 37, 94, 41, 50, 62, 4, 13, 0, 53, 48, 73, 21, 82, 15, 88, 28, 60, 100, 78, 18, 7, 16, 34, 64, 76, 75, 62, 42, 96, 38, 25, 1, 72, 59, 89, 77, 33, 68, 65, 98, 53, 71, 19, 85, 58, 100, 33, 71, 4, 69, 3, 14, 100, 75, 46, 39, 13, 18, 85, 81, 20, 53, 99, 42, 20, 7, 35, 91, 86, 20, 42, 42, 77, 48, 74, 28, 51, 97, 79, 56, 76, 65],
    [68, 65, 30, 34, 22, 95, 45, 4, 89, 39, 43, 41, 10, 68, 48, 58, 78, 44, 88, 89, 9, 92, 20, 78, 98, 57, 0, 38, 22, 64, 28, 11, 93, 63, 33, 32, 28, 68, 45, 64, 26, 94, 59, 84, 91, 96, 11, 82, 78, 55, 59, 41, 29, 10, 31, 61, 65, 71, 88, 88, 96, 37, 77, 12, 74, 2, 9, 77, 56, 19, 94, 28, 32, 43, 59, 40, 8, 70, 15, 60, 31, 72, 57, 89, 4, 82, 80, 80, 13, 50, 89, 33, 49, 71, 48, 24, 6, 63, 81, 23],
    [76, 8, 94, 31, 1, 66, 48, 33, 55, 40, 18, 58, 54, 24, 16, 53, 62, 84, 97, 93, 87, 100, 95, 52, 45, 3, 2, 0, 46, 99, 6, 80, 25, 37, 47, 65, 32, 21, 100, 21, 22, 5, 21, 60, 55, 10, 2, 17, 90, 61, 66, 24, 21, 53, 70, 91, 65, 86, 55, 93, 5, 53, 66, 72, 98, 49, 27, 83, 23, 88, 81, 94, 57, 88, 27, 78, 98, 46, 47, 87, 18, 45, 34, 70, 11, 65, 3, 82, 57, 73, 58, 61, 79, 84, 39, 3, 75, 54, 69, 18],
    [80, 98, 60, 34, 36, 18, 93, 63, 77, 38, 84, 90, 53, 3, 94, 42, 10, 3, 11, 10, 95, 15, 87, 69, 10, 62, 24, 20, 0, 17, 30, 20, 11, 60, 6, 89, 90, 72, 36, 64, 48, 98, 96, 31, 66, 56, 72, 79, 11, 64, 35, 22, 24, 24, 89, 30, 32, 48, 48, 25, 3, 52, 72, 23, 36, 68, 84, 83, 90, 53, 42, 5, 13, 22, 45, 27, 79, 5, 5, 81, 9, 57, 58, 16, 41, 26, 61, 72, 7, 38, 39, 88, 45, 66, 94, 35, 42, 57, 3, 96],
    [29, 33, 64, 24, 65, 51, 28, 91, 24, 11, 88, 6, 58, 82, 79, 64, 39, 64, 52, 34, 90, 29, 25, 84, 100, 58, 74, 95, 16, 0, 78, 33, 48, 50, 69, 21, 4, 93, 2, 36, 20, 91, 80, 17, 99, 22, 14, 20, 66, 94, 46, 25, 42, 17, 45, 11, 92, 44, 45, 29, 26, 51, 80, 99, 61, 100, 92, 11, 63, 96, 86, 42, 49, 4, 92, 29, 9, 86, 30, 26, 70, 87, 68, 11, 68, 45, 98, 32, 64, 25, 31, 66, 41, 71, 47, 25, 33, 17, 87, 10],
    [5, 92, 20, 30, 77, 99, 8, 88, 31, 95, 24, 48, 96, 52, 92, 12, 68, 100, 13, 54, 30, 73, 89, 89, 48, 72, 60, 7, 93, 26, 0, 81, 73, 25, 74, 84, 23, 80, 82, 80, 89, 20, 10, 10, 35, 73, 46, 89, 79, 27, 97, 67, 6, 43, 98, 32, 36, 65, 90, 78, 24, 42, 19, 87, 1, 78, 31, 73, 46, 83, 8, 18, 8, 70, 22, 58, 84, 2, 13, 63, 45, 36, 61, 83, 59, 89, 69, 58, 29, 59, 99, 52, 28, 9, 73, 45, 47, 26, 12, 85],
    [57, 36, 74, 87, 33, 73, 83, 34, 43, 53, 71, 69, 14, 65, 51, 89, 67, 49, 8, 59, 52, 74, 88, 78, 79, 82, 68, 64, 26, 98, 80, 0, 92, 45, 79, 14, 31, 32, 20, 29, 66, 53, 18, 20, 93, 6, 3, 36, 67, 80, 19, 53, 4, 50, 13, 51, 49, 35, 92, 84, 40, 17, 12, 22, 92, 17, 96, 53, 76, 35, 96, 71, 85, 25, 94, 11, 84, 21, 68, 30, 18, 75, 62, 7, 85, 80, 3, 13, 82, 59, 23, 78, 14, 44, 50, 32, 100, 5, 12, 80],
    [85, 12, 65, 85, 14, 12, 45, 74, 92, 50, 58, 43, 71, 18, 6, 15, 38, 58, 95, 79, 68, 32, 65, 96, 41, 70, 16, 16, 44, 78, 62, 74, 0, 6, 42, 66, 50, 33, 14, 24, 60, 31, 38, 8, 24, 41, 49, 39, 12, 53, 54, 57, 92, 55, 96, 3, 46, 88, 39, 10, 48, 13, 22, 92, 63, 21, 87, 19, 18, 44, 35, 53, 2, 46, 62, 73, 98, 51, 44, 33, 98, 34, 43, 14, 60, 46, 75, 52, 32, 4, 10, 13, 94, 31, 21, 54, 53, 48, 40, 30],
    [47, 82, 3, 31, 49, 48, 55, 10, 74, 19, 95, 82, 76, 15, 59, 55, 31, 48, 26, 72, 18, 55, 83, 27, 56, 77, 70, 83, 68, 72, 32, 42, 89, 0, 88, 38, 72, 98, 9, 33, 48, 20, 8, 63, 51, 92, 59, 93, 5, 82, 100, 81, 34, 39, 63, 22, 12, 33, 89, 5, 71, 30, 20, 2, 50, 63, 15, 30, 94, 52, 56, 89, 82, 61, 99, 100, 94, 93, 49, 83, 68, 63, 83, 21, 30, 47, 4, 14, 57, 85, 12, 66, 52, 79, 52, 61, 63, 47, 43, 25],
    [96, 73, 81, 63, 3, 66, 69, 35, 26, 43, 68, 18, 86, 83, 83, 88, 45, 68, 96, 70, 20, 16, 85, 61, 16, 21, 64, 41, 92, 64, 73, 33, 15, 18, 0, 89, 70, 76, 5, 100, 97, 73, 56, 17, 26, 2, 93, 53, 38, 5, 13, 84, 12, 46, 11, 8, 36, 33, 85, 26, 33, 50, 64, 26, 79, 53, 67, 31, 42, 40, 74, 8, 84, 66, 73, 81, 33, 82, 57, 23, 13, 86, 74, 90, 85, 15, 69, 45, 23, 30, 31, 2, 58, 71, 21, 48, 18, 95, 36, 88],
    [81, 60, 37, 93, 21, 17, 19, 2, 97, 96, 56, 12, 18, 41, 78, 20, 8, 47, 45, 24, 17, 69, 32, 66, 21, 84, 68, 93, 94, 9, 66, 10, 100, 42, 51, 0, 55, 64, 78, 98, 62, 70, 65, 75, 60, 82, 59, 87, 47, 7, 48, 41, 24, 98, 21, 62, 90, 87, 46, 21, 53, 38, 46, 56, 31, 70, 73, 69, 14, 47, 33, 64, 20, 40, 24, 96, 65, 39, 92, 24, 37, 52, 54, 34, 41, 8, 30, 65, 59, 84, 4, 66, 77, 64, 59, 45, 83, 81, 87, 8],
    [49, 83, 78, 34, 75, 26, 76, 39, 92, 88, 22, 97, 97, 72, 88, 1, 70, 80, 64, 35, 96, 64, 55, 59, 9, 31, 57, 50, 68, 2, 79, 26, 60, 74, 76, 76, 0, 39, 66, 12, 63, 66, 78, 55, 74, 33, 80, 42, 33, 5, 60, 14, 18, 1, 6, 54, 61, 32, 31, 68, 83, 87, 79, 33, 27, 3, 46, 33, 18, 89, 50, 75, 5, 12, 79, 45, 15, 7, 60, 38, 90, 65, 99, 91, 55, 86, 90, 11, 31, 48, 22, 4, 80, 62, 2, 11, 83, 23, 48, 41],
    [19, 56, 3, 88, 6, 7, 30, 39, 13, 54, 20, 50, 4, 32, 23, 100, 18, 2, 51, 56, 58, 92, 84, 41, 66, 98, 54, 54, 75, 26, 32, 73, 76, 96, 65, 17, 76, 0, 40, 41, 42, 39, 66, 75, 13, 35, 6, 72, 17, 44, 83, 23, 41, 88, 11, 33, 48, 39, 12, 75, 27, 19, 7, 25, 69, 73, 42, 81, 80, 80, 49, 14, 44, 66, 39, 33, 100, 61, 50, 12, 97, 71, 4, 28, 38, 35, 53, 66, 17, 17, 97, 95, 34, 84, 48, 51, 36, 19, 67, 19],
    [48, 31, 9, 5, 89, 89, 14, 25, 73, 67, 26, 53, 41, 91, 32, 80, 22, 51, 13, 33, 21, 85, 95, 59, 1, 36, 23, 86, 46, 27, 60, 39, 50, 38, 78, 33, 35, 32, 0, 90, 18, 42, 32, 26, 52, 38, 86, 75, 6, 74, 93, 78, 87, 58, 44, 32, 32, 87, 9, 7, 61, 30, 9, 11, 25, 9, 3, 41, 70, 6, 73, 17, 58, 63, 69, 17, 41, 82, 83, 34, 56, 81, 69, 64, 46, 1, 65, 41, 14, 63, 53, 64, 87, 86, 7, 54, 75, 99, 73, 82],
    [15, 95, 37, 94, 89, 94, 88, 12, 60, 8, 4, 53, 57, 3, 8, 83, 7, 44, 90, 96, 84, 60, 75, 30, 26, 44, 16, 16, 28, 67, 39, 90, 47, 72, 20, 92, 1, 52, 3, 0, 20, 91, 57, 23, 97, 63, 25, 86, 25, 16, 60, 46, 96, 79, 49, 77, 20, 66, 71, 3, 16, 63, 21, 45, 49, 27, 89, 64, 16, 77, 15, 29, 7, 71, 33, 91, 28, 59, 43, 77, 1, 33, 11, 83, 54, 92, 29, 48, 65, 48, 38, 67, 26, 40, 82, 32, 97, 71, 15, 46],
    [5, 92, 56, 77, 79, 83, 29, 1, 74, 45, 8, 91, 68, 75, 26, 39, 8, 48, 20, 56, 66, 74, 21, 54, 97, 26, 69, 72, 11, 32, 39, 60, 26, 95, 11, 41, 23, 1, 50, 80, 0, 13, 11, 37, 99, 67, 57, 41, 61, 1, 5, 34, 85, 41, 21, 66, 46, 87, 91, 49, 65, 76, 57, 13, 55, 27, 66, 54, 80, 14, 95, 50, 44, 6, 3, 96, 81, 71, 16, 77, 51, 89, 44, 41, 83, 73, 32, 29, 45, 49, 87, 22, 81, 80, 43, 88, 37, 38, 31, 50],
    [60, 81, 7, 55, 26, 3, 35, 91, 8, 38, 4, 83, 95, 33, 81, 93, 87, 79, 4, 16, 20, 30, 99, 92, 69, 57, 49, 78, 80, 86, 28, 62, 91, 12, 53, 87, 7, 4, 16, 45, 97, 0, 20, 67, 86, 36, 34, 53, 84, 98, 15, 91, 45, 53, 27, 12, 8, 42, 98, 89, 45, 70, 26, 22, 46, 41, 89, 4, 30, 30, 79, 65, 43, 10, 100, 70, 72, 30, 95, 62, 40, 80, 54, 16, 54, 27, 5, 91, 68, 55, 46, 38, 21, 24, 68, 43, 6, 23, 52, 7],
    [34, 39, 73, 76, 66, 59, 91, 13, 26, 60, 93, 61, 17, 31, 75, 49, 97, 22, 9, 63, 46, 56, 47, 53, 46, 63, 8, 72, 27, 28, 41, 15, 48, 71, 58, 72, 11, 13, 33, 13, 74, 83, 0, 43, 86, 24, 99, 34, 68, 99, 100, 71, 33, 57, 77, 47, 71, 13, 8, 67, 38, 61, 34, 72, 47, 56, 5, 49, 43, 40, 86, 47, 2, 16, 3, 10, 35, 64, 64, 6, 40, 60, 66, 68, 90, 78, 28, 95, 66, 97, 62, 85, 53, 32, 4, 1, 57, 70, 70, 37],
    [33, 36, 18, 59, 66, 61, 68, 57, 83, 38, 62, 38, 60, 40, 3, 52, 43, 53, 52, 77, 42, 57, 96, 55, 4, 80, 57, 79, 35, 30, 25, 92, 48, 63, 50, 16, 12, 10, 15, 12, 33, 73, 26, 0, 73, 47, 100, 98, 37, 69, 22, 95, 16, 70, 66, 26, 21, 29, 88, 42, 92, 52, 2, 74, 20, 17, 18, 25, 60, 78, 69, 84, 53, 89, 70, 39, 89, 13, 79, 81, 69, 36, 45, 15, 47, 37, 44, 26, 27, 52, 49, 17, 71, 72, 59, 76, 33, 13, 44, 25],
    [67, 52, 15, 92, 78, 51, 61, 5, 62, 78, 67, 46, 99, 52, 7, 11, 96, 23, 34, 67, 18, 5, 1, 43, 9, 42, 40, 27, 64, 68, 42, 85, 9, 30, 70, 21, 30, 95, 96, 53, 73, 21, 87, 84, 0, 20, 19, 97, 86, 100, 70, 61, 34, 25, 24, 2, 2, 50, 3, 80, 85, 22, 51, 49, 78, 100, 84, 47, 47, 93, 59, 40, 13, 16, 47, 77, 83, 84, 77, 95, 2, 31, 24, 82, 35, 62, 40, 39, 80, 7, 45, 59, 61, 37, 36, 97, 51, 26, 52, 49],
    [29, 12, 17, 87, 51, 71, 52, 63, 12, 2, 61, 13, 76, 92, 8, 56, 49, 62, 83, 37, 96, 95, 9, 79, 69, 91, 93, 72, 87, 65, 44, 75, 1, 73, 97, 10, 21, 67, 76, 89, 30, 60, 91, 75, 19, 0, 93, 2, 58, 62, 55, 56, 50, 54, 81, 99, 89, 18, 76, 54, 35, 64, 18, 19, 73, 58, 43, 22, 31, 45, 42, 23, 22, 17, 27, 21, 59, 11, 25, 49, 96, 73, 66, 9, 26, 33, 48, 46, 19, 72, 42, 95, 68, 84, 19, 38, 48, 39, 64, 71],
    [94, 13, 18, 33, 25, 70, 19, 48, 48, 80, 22, 46, 57, 70, 24, 5, 25, 18, 57, 100, 31, 78, 12, 33, 61, 26, 98, 8, 94, 8, 9, 87, 48, 7, 98, 13, 9, 67, 36, 59, 47, 88, 48, 22, 49, 36, 0, 92, 83, 57, 74, 88, 41, 47, 41, 77, 70, 40, 24, 12, 94, 53, 13, 65, 92, 34, 59, 95, 3, 68, 9, 74, 42, 84, 91, 96, 31, 39, 13, 34, 68, 87, 21, 60, 52, 74, 12, 41, 11, 36, 47, 10, 9, 58, 70, 100, 28, 2, 81, 84],
    [65, 83, 64, 52, 64, 49, 76, 34, 68, 41, 26, 14, 27, 55, 29, 68, 55, 46, 69, 22, 69, 14, 68, 50, 23, 72, 13, 56, 15, 63, 36, 23, 76, 70, 42, 37, 37, 59, 16, 95, 24, 4, 57, 3, 11, 45, 64, 0, 84, 23, 9, 82, 73, 91, 53, 41, 85, 71, 50, 21, 46, 25, 51, 56, 42, 28, 36, 5, 98, 25, 71, 2, 67, 98, 40, 52, 78, 12, 69, 69, 86, 76, 56, 50, 89, 79, 62, 61, 8, 99, 25, 96, 74, 8, 80, 67, 23, 89, 85, 75],
    [36, 96, 3, 17, 38, 9, 37, 47, 81, 32, 11, 81, 55, 53, 55, 78, 1, 75, 82, 78, 86, 76, 75, 8, 22, 71, 30, 98, 73, 36, 4, 33, 81, 70, 48, 62, 25, 77, 20, 92, 14, 80, 97, 49, 20, 98, 59, 57, 0, 85, 26, 84, 53, 26, 54, 49, 51, 65, 89, 28, 61, 82, 45, 98, 62, 20, 22, 99, 99, 87, 29, 43, 55, 77, 6, 14, 77, 23, 60, 27, 35, 40, 6, 29, 3, 94, 87, 56, 26, 70, 85, 48, 72, 2, 21, 11, 56, 76, 70, 4],
    [50, 79, 14, 2, 55, 60, 85, 8, 50, 88, 55, 92, 35, 6, 4, 38, 53, 100, 43, 75, 29, 22, 74, 56, 4, 48, 67, 71, 47, 58, 27, 84, 18, 63, 89, 79, 92, 32, 39, 38, 83, 51, 77, 69, 72, 83, 84, 41, 10, 0, 19, 46, 33, 80, 58, 68, 39, 70, 34, 72, 65, 6, 2, 90, 54, 73, 79, 40, 5, 29, 61, 22, 26, 38, 34, 5, 86, 39, 47, 66, 59, 100, 74, 98, 38, 39, 87, 13, 59, 94, 23, 27, 53, 65, 51, 15, 51, 49, 86, 2],
    [9, 22, 92, 73, 86, 86, 94, 96, 91, 22, 24, 99, 37, 65, 53, 63, 57, 71, 86, 10, 4, 32, 95, 65, 73, 85, 80, 9, 54, 73, 68, 99, 68, 43, 29, 9, 32, 64, 59, 64, 41, 72, 45, 89, 30, 37, 54, 55, 53, 12, 0, 72, 67, 45, 3, 52, 95, 25, 73, 41, 53, 31, 66, 23, 63, 92, 44, 28, 18, 36, 87, 11, 85, 1, 77, 37, 78, 93, 19, 26, 61, 7, 69, 54, 7, 38, 20, 71, 33, 36, 30, 19, 7, 75, 85, 69, 52, 36, 22, 4],
    [90, 65, 17, 6, 88, 17, 100, 2, 18, 41, 65, 50, 86, 51, 38, 75, 26, 64, 23, 36, 74, 53, 32, 65, 32, 15, 65, 9, 64, 69, 93, 56, 8, 7, 86, 54, 75, 63, 8, 21, 94, 11, 8, 69, 28, 35, 67, 95, 81, 88, 97, 0, 7, 77, 87, 74, 11, 71, 27, 83, 44, 93, 59, 36, 49, 90, 34, 67, 47, 76, 4, 21, 57, 90, 32, 47, 23, 42, 43, 10, 45, 4, 61, 8, 53, 84, 57, 53, 86, 56, 65, 26, 55, 16, 40, 4, 59, 48, 87, 80],
    [51, 35, 65, 68, 42, 31, 41, 58, 39, 90, 84, 60, 4, 39, 98, 26, 19, 89, 32, 44, 47, 7, 6, 98, 26, 59, 29, 89, 7, 99, 47, 98, 96, 34, 67, 75, 4, 67, 97, 40, 68, 80, 38, 53, 91, 44, 83, 13, 80, 71, 69, 75, 0, 19, 11, 2, 34, 36, 29, 6, 88, 76, 39, 34, 19, 31, 44, 53, 47, 29, 61, 16, 50, 65, 53, 70, 64, 56, 38, 70, 14, 90, 43, 22, 53, 52, 29, 8, 66, 94, 18, 10, 16, 80, 30, 29, 23, 19, 80, 48],
    [23, 22, 70, 94, 34, 89, 49, 97, 47, 23, 11, 79, 51, 63, 1, 86, 53, 53, 71, 80, 90, 54, 73, 95, 36, 26, 6, 40, 57, 47, 66, 85, 11, 85, 88, 86, 15, 36, 27, 85, 36, 53, 43, 67, 78, 62, 11, 21, 60, 7, 18, 35, 93, 0, 72, 75, 26, 44, 39, 13, 88, 54, 33, 45, 89, 93, 53, 59, 6, 62, 19, 28, 80, 99, 52, 20, 4, 27, 88, 23, 88, 52, 29, 97, 97, 55, 98, 4, 15, 67, 7, 20, 11, 20, 66, 28, 1, 15, 2, 10],
    [15, 89, 12, 8, 93, 70, 22, 84, 65, 77, 75, 11, 89, 68, 27, 83, 8, 55, 87, 11, 91, 75, 2, 69, 39, 87, 90, 91, 7, 18, 37, 45, 22, 71, 88, 86, 98, 66, 69, 80, 62, 67, 59, 66, 70, 85, 75, 7, 65, 39, 25, 87, 21, 36, 0, 8, 52, 22, 16, 45, 1, 22, 69, 38, 97, 31, 61, 85, 73, 1, 95, 76, 75, 1, 49, 47, 50, 52, 83, 72, 62, 12, 38, 77, 58, 94, 87, 59, 38, 95, 45, 25, 22, 75, 58, 79, 67, 7, 3, 23],
    [44, 60, 52, 60, 9, 23, 23, 66, 6, 95, 79, 46, 4, 99, 29, 73, 9, 7, 61, 50, 97, 69, 63, 96, 10, 29, 27, 12, 79, 99, 25, 20, 51, 14, 38, 75, 31, 94, 84, 2, 3, 51, 58, 49, 24, 18, 89, 9, 51, 21, 59, 42, 37, 9, 52, 0, 46, 80, 79, 2, 37, 4, 80, 62, 88, 7, 38, 24, 41, 42, 89, 49, 43, 30, 29, 37, 47, 41, 15, 8, 15, 73, 42, 35, 90, 21, 44, 54, 77, 49, 12, 94, 73, 5, 36, 4, 9, 36, 58, 47],
    [43, 68, 51, 79, 52, 87, 3, 30, 13, 53, 20, 16, 100, 79, 100, 3, 88, 79, 7, 42, 14, 59, 86, 27, 35, 91, 50, 40, 10, 39, 55, 70, 32, 91, 3, 47, 9, 8, 97, 63, 35, 46, 100, 47, 7, 1, 93, 92, 9, 95, 6, 13, 2, 65, 75, 77, 0, 35, 52, 21, 16, 28, 68, 33, 23, 68, 9, 87, 49, 74, 66, 5, 37, 16, 39, 30, 68, 100, 12, 75, 29, 1, 15, 16, 99, 7, 33, 77, 35, 83, 84, 96, 62, 62, 28, 50, 19, 81, 5, 27],
    [8, 70, 37, 27, 44, 21, 29, 8, 69, 48, 53, 77, 52, 34, 38, 77, 62, 44, 30, 80, 95, 89, 41, 22, 4, 23, 53, 93, 41, 97, 4, 80, 81, 73, 91, 16, 55, 77, 75, 10, 24, 37, 31, 65, 64, 9, 77, 39, 84, 34, 36, 60, 83, 15, 66, 36, 70, 0, 27, 41, 43, 87, 59, 39, 57, 23, 40, 92, 27, 56, 43, 69, 97, 2, 87, 49, 88, 18, 10, 70, 8, 97, 31, 21, 60, 37, 59, 2, 39, 75, 72, 6, 27, 63, 67, 65, 59, 72, 2, 92],
    [39, 27, 28, 86, 53, 35, 77, 64, 65, 49, 51, 75, 77, 66, 21, 41, 21, 48, 46, 78, 38, 97, 42, 49, 25, 5, 50, 26, 79, 89, 56, 66, 65, 31, 85, 16, 49, 68, 34, 76, 23, 31, 82, 54, 80, 87, 68, 10, 23, 5, 51, 10, 11, 29, 25, 38, 66, 45, 0, 57, 91, 71, 72, 87, 35, 47, 43, 72, 35, 96, 38, 57, 57, 73, 1, 67, 67, 36, 3, 72, 1, 35, 2, 49, 100, 81, 50, 5, 57, 8, 19, 68, 100, 48, 17, 78, 52, 80, 61, 100],
    [13, 92, 40, 69, 56, 83, 15, 87, 81, 61, 30, 90, 12, 33, 10, 55, 49, 98, 67, 44, 100, 88, 35, 18, 15, 25, 81, 68, 1, 63, 50, 45, 71, 85, 63, 74, 48, 96, 40, 68, 58, 92, 28, 30, 81, 69, 100, 48, 69, 9, 62, 16, 18, 22, 84, 94, 96, 79, 90, 0, 88, 66, 70, 32, 82, 19, 64, 26, 34, 23, 67, 15, 59, 3, 83, 69, 77, 29, 21, 4, 32, 82, 85, 9, 7, 68, 62, 54, 8, 62, 67, 26, 7, 75, 38, 29, 24, 80, 71, 85],
    [46, 3, 67, 92, 2, 49, 63, 87, 49, 100, 38, 37, 10, 39, 61, 26, 15, 86, 19, 60, 13, 71, 47, 73, 56, 80, 95, 58, 33, 27, 67, 71, 38, 49, 89, 78, 64, 86, 85, 94, 12, 38, 91, 97, 24, 51, 79, 97, 21, 41, 12, 59, 42, 95, 84, 98, 35, 63, 11, 47, 0, 46, 36, 80, 69, 29, 33, 28, 4, 21, 53, 13, 50, 98, 88, 14, 6, 85, 94, 26, 99, 44, 74, 9, 34, 20, 95, 39, 12, 41, 74, 63, 43, 13, 9, 47, 78, 81, 91, 13],
    [6, 19, 11, 72, 80, 14, 48, 93, 65, 9, 6, 38, 77, 66, 34, 2, 68, 19, 33, 11, 94, 34, 59, 3, 13, 98, 3, 73, 6, 37, 80, 25, 89, 43, 35, 49, 73, 88, 67, 71, 48, 37, 9, 53, 37, 62, 6, 12, 75, 99, 2, 78, 98, 74, 61, 48, 66, 84, 26, 71, 47, 0, 91, 42, 4, 95, 90, 37, 94, 35, 85, 40, 29, 3, 52, 13, 93, 33, 16, 26, 95, 23, 10, 60, 94, 71, 60, 61, 17, 95, 56, 5, 80, 90, 44, 45, 91, 88, 82, 85],
    [1, 54, 87, 61, 40, 42, 40, 44, 1, 25, 25, 35, 5, 34, 21, 19, 6, 31, 37, 27, 21, 26, 78, 84, 97, 14, 4, 72, 97, 3, 64, 55, 26, 26, 99, 37, 31, 86, 65, 37, 44, 12, 81, 33, 71, 26, 85, 3, 54, 85, 76, 11, 66, 42, 62, 46, 74, 84, 24, 6, 16, 29, 0, 12, 2, 50, 23, 94, 77, 29, 3, 56, 28, 71, 44, 63, 10, 18, 40, 66, 27, 8, 34, 49, 58, 38, 11, 6, 11, 34, 43, 82, 20, 51, 5, 42, 68, 96, 37, 58],
    [33, 82, 50, 65, 74, 45, 85, 50, 51, 52, 28, 15, 24, 5, 16, 95, 81, 76, 68, 78, 38, 40, 23, 7, 98, 40, 64, 53, 40, 79, 99, 14, 74, 9, 87, 90, 12, 65, 46, 10, 84, 18, 10, 54, 95, 100, 40, 57, 14, 36, 16, 60, 35, 26, 31, 11, 25, 4, 59, 23, 81, 21, 35, 0, 29, 54, 1, 52, 87, 59, 56, 76, 89, 6, 69, 9, 73, 21, 19, 10, 1, 56, 24, 90, 92, 52, 84, 77, 6, 17, 58, 3, 2, 100, 17, 24, 45, 99, 2, 11],
    [52, 58, 76, 84, 14, 70, 41, 10, 20, 3, 50, 20, 53, 28, 85, 72, 20, 69, 53, 78, 44, 27, 3, 87, 42, 33, 88, 67, 45, 47, 4, 14, 61, 33, 36, 55, 72, 48, 71, 93, 6, 73, 2, 71, 46, 15, 35, 92, 68, 26, 28, 37, 54, 18, 78, 7, 76, 46, 95, 35, 26, 20, 31, 22, 0, 94, 60, 16, 82, 22, 45, 15, 58, 95, 4, 20, 15, 98, 100, 42, 16, 43, 87, 95, 48, 29, 19, 34, 93, 9, 8, 92, 34, 99, 24, 13, 7, 70, 55, 62],
    [1, 62, 67, 95, 64, 80, 89, 93, 79, 23, 56, 62, 71, 1, 96, 55, 26, 3, 21, 42, 65, 17, 55, 55, 54, 77, 86, 37, 18, 8, 95, 69, 91, 18, 92, 6, 24, 13, 56, 66, 9, 88, 23, 63, 45, 76, 20, 4, 95, 30, 83, 85, 16, 85, 86, 12, 20, 100, 61, 96, 100, 65, 2, 74, 45, 0, 60, 58, 83, 100, 27, 92, 51, 54, 1, 70, 39, 53, 64, 71, 78, 93, 30, 55, 95, 40, 70, 10, 28, 83, 21, 27, 9, 18, 18, 65, 81, 38, 7, 2],
    [81, 57, 82, 22, 69, 82, 62, 23, 28, 43, 57, 9, 2, 60, 76, 34, 43, 15, 4, 25, 69, 69, 86, 72, 44, 68, 38, 26, 49, 25, 26, 57, 56, 64, 3, 46, 40, 3, 20, 80, 55, 24, 28, 86, 62, 1, 48, 74, 8, 66, 12, 14, 80, 15, 40, 70, 58, 16, 45, 6, 84, 88, 44, 46, 41, 75, 0, 22, 58, 18, 89, 36, 19, 66, 27, 30, 33, 24, 35, 20, 79, 98, 18, 40, 61, 31, 89, 19, 91, 33, 72, 21, 96, 4, 45, 25, 56, 49, 31, 95],
    [97, 19, 34, 32, 37, 78, 42, 31, 5, 18, 33, 39, 24, 81, 5, 48, 87, 57, 11, 24, 12, 8, 47, 11, 24, 28, 98, 54, 15, 74, 82, 92, 55, 38, 94, 86, 35, 56, 90, 43, 44, 81, 62, 30, 58, 1, 71, 65, 15, 38, 94, 93, 57, 92, 54, 100, 5, 28, 69, 74, 46, 45, 76, 29, 52, 50, 45, 0, 28, 55, 64, 44, 24, 38, 17, 87, 24, 56, 80, 97, 32, 25, 97, 78, 38, 27, 46, 30, 60, 78, 6, 35, 34, 29, 34, 54, 36, 69, 29, 3],
    [75, 95, 81, 99, 33, 12, 18, 70, 30, 85, 43, 22, 6, 27, 58, 98, 84, 97, 93, 99, 16, 64, 10, 89, 45, 67, 49, 72, 60, 87, 56, 79, 17, 68, 68, 88, 1, 59, 50, 100, 26, 47, 50, 17, 76, 71, 33, 15, 31, 37, 69, 81, 1, 52, 18, 4, 38, 4, 97, 4, 33, 83, 6, 35, 39, 65, 55, 71, 0, 40, 52, 89, 92, 6, 41, 88, 60, 69, 76, 48, 43, 18, 67, 45, 4, 56, 65, 2, 30, 45, 57, 20, 15, 25, 43, 58, 23, 63, 48, 73],
    [73, 32, 36, 24, 41, 51, 26, 31, 63, 19, 42, 90, 56, 26, 79, 83, 18, 68, 8, 40, 33, 27, 63, 99, 78, 4, 66, 56, 74, 89, 11, 81, 12, 86, 93, 15, 34, 51, 46, 52, 59, 58, 82, 36, 85, 93, 35, 39, 53, 24, 38, 68, 37, 94, 67, 10, 38, 68, 49, 3, 24, 17, 80, 36, 67, 17, 20, 80, 77, 0, 5, 90, 77, 94, 82, 17, 74, 48, 2, 3, 66, 11, 95, 24, 62, 73, 24, 60, 40, 57, 88, 75, 90, 98, 50, 85, 33, 87, 88, 2],
    [62, 22, 63, 87, 97, 41, 76, 38, 51, 75, 70, 34, 62, 52, 64, 29, 32, 56, 82, 94, 35, 40, 50, 23, 30, 67, 50, 8, 18, 39, 9, 8, 9, 97, 6, 7, 7, 66, 20, 86, 43, 42, 11, 12, 47, 34, 87, 30, 36, 48, 68, 33, 7, 2, 81, 30, 78, 88, 6, 26, 75, 23, 8, 71, 83, 13, 8, 72, 4, 56, 0, 3, 17, 100, 84, 38, 63, 61, 4, 55, 71, 43, 86, 95, 100, 16, 76, 7, 24, 4, 68, 54, 65, 9, 66, 84, 96, 12, 50, 61],
    [34, 69, 31, 23, 7, 80, 9, 6, 38, 49, 96, 30, 59, 7, 36, 26, 80, 41, 28, 88, 15, 68, 39, 64, 2, 18, 43, 57, 68, 59, 47, 54, 62, 32, 14, 8, 37, 29, 24, 15, 4, 10, 45, 73, 90, 4, 56, 72, 30, 80, 33, 87, 33, 61, 99, 59, 38, 73, 35, 97, 48, 28, 64, 96, 69, 24, 37, 53, 9, 55, 66, 0, 30, 76, 64, 23, 82, 16, 39, 19, 20, 22, 98, 95, 75, 78, 8, 75, 49, 73, 77, 24, 32, 3, 16, 46, 43, 93, 49, 49],
    [76, 68, 2, 2, 92, 95, 99, 65, 71, 5, 83, 97, 57, 83, 77, 53, 88, 10, 33, 23, 10, 20, 21, 40, 19, 30, 89, 70, 37, 81, 39, 63, 45, 90, 28, 39, 24, 79, 29, 48, 85, 60, 69, 14, 19, 49, 49, 92, 26, 94, 93, 93, 79, 77, 63, 5, 23, 9, 39, 95, 7, 58, 28, 67, 77, 48, 18, 99, 42, 40, 64, 68, 0, 1, 57, 8, 15, 58, 64, 88, 10, 68, 48, 23, 57, 16, 88, 5, 18, 47, 50, 71, 63, 8, 87, 48, 49, 11, 9, 43],
    [44, 76, 95, 92, 97, 73, 5, 55, 29, 97, 5, 92, 73, 54, 3, 86, 81, 82, 68, 78, 50, 42, 1, 45, 78, 1, 16, 68, 71, 6, 48, 97, 30, 73, 47, 76, 33, 66, 23, 2, 34, 35, 33, 75, 2, 13, 12, 8, 12, 95, 24, 57, 78, 83, 44, 45, 38, 95, 77, 44, 52, 5, 68, 18, 75, 37, 28, 82, 35, 37, 43, 77, 71, 0, 43, 19, 40, 61, 8, 17, 24, 79, 74, 75, 98, 43, 25, 91, 17, 79, 66, 90, 68, 34, 83, 96, 5, 92, 66, 59],
    [64, 8, 5, 63, 4, 22, 50, 20, 97, 31, 96, 86, 98, 56, 2, 90, 100, 31, 35, 29, 81, 98, 50, 83, 5, 31, 47, 36, 11, 52, 7, 76, 35, 2, 67, 41, 23, 77, 41, 38, 23, 44, 29, 66, 69, 17, 92, 78, 44, 29, 100, 77, 74, 2, 4, 38, 71, 9, 71, 92, 75, 48, 64, 30, 27, 74, 21, 19, 43, 28, 41, 13, 9, 63, 0, 63, 36, 87, 99, 63, 80, 30, 82, 93, 31, 43, 44, 91, 57, 79, 20, 41, 86, 39, 89, 1, 32, 39, 22, 34],
    [69, 70, 71, 45, 37, 3, 52, 63, 29, 13, 72, 70, 20, 72, 87, 70, 95, 66, 42, 40, 49, 97, 82, 69, 79, 76, 79, 57, 70, 64, 92, 77, 14, 26, 49, 65, 90, 2, 31, 54, 90, 68, 15, 72, 20, 84, 91, 5, 68, 90, 70, 39, 93, 94, 50, 38, 52, 63, 90, 97, 21, 21, 1, 90, 76, 90, 67, 44, 87, 96, 68, 100, 50, 98, 78, 0, 71, 83, 12, 74, 74, 55, 25, 93, 33, 94, 59, 37, 1, 81, 98, 24, 28, 26, 83, 36, 77, 21, 18, 85],
    [29, 75, 74, 26, 73, 11, 87, 69, 80, 89, 33, 70, 86, 36, 77, 2, 94, 39, 69, 47, 46, 2, 6, 61, 82, 68, 33, 58, 36, 6, 45, 32, 36, 61, 24, 7, 27, 5, 44, 22, 99, 53, 86, 22, 3, 69, 80, 91, 15, 91, 94, 99, 94, 84, 55, 57, 13, 9, 40, 96, 55, 5, 92, 85, 83, 86, 90, 81, 14, 7, 30, 89, 74, 79, 32, 99, 0, 22, 27, 71, 93, 76, 64, 89, 43, 75, 42, 22, 45, 34, 82, 17, 16, 64, 46, 74, 80, 33, 38, 12],
    [49, 38, 68, 20, 12, 84, 8, 41, 22, 74, 98, 1, 71, 73, 72, 10, 54, 96, 69, 90, 6, 62, 96, 61, 73, 70, 57, 25, 63, 49, 10, 20, 9, 34, 91, 17, 30, 36, 50, 17, 67, 57, 86, 15, 90, 54, 60, 16, 52, 1, 100, 71, 3, 78, 35, 49, 42, 91, 91, 19, 39, 72, 48, 16, 3, 66, 14, 52, 51, 94, 56, 33, 4, 55, 45, 81, 74, 0, 42, 64, 5, 6, 47, 50, 90, 4, 8, 78, 25, 28, 13, 2, 80, 14, 45, 66, 1, 68, 77, 77],
    [74, 21, 69, 26, 69, 20, 10, 53, 92, 27, 42, 86, 81, 81, 100, 59, 45, 9, 18, 65, 41, 28, 83, 85, 55, 97, 55, 89, 7, 91, 47, 73, 89, 85, 18, 71, 59, 64, 64, 51, 54, 41, 98, 17, 53, 48, 64, 68, 47, 22, 80, 63, 69, 42, 16, 14, 88, 49, 9, 67, 7, 84, 45, 59, 53, 14, 31, 22, 64, 65, 25, 63, 71, 43, 66, 52, 57, 80, 0, 23, 4, 59, 90, 46, 32, 34, 24, 19, 57, 38, 96, 27, 36, 67, 17, 5, 24, 61, 21, 28],
    [24, 34, 99, 93, 55, 47, 65, 23, 48, 99, 37, 80, 44, 27, 93, 23, 77, 41, 67, 42, 15, 63, 78, 12, 85, 7, 5, 13, 67, 16, 58, 3, 30, 100, 31, 20, 92, 35, 84, 10, 56, 55, 75, 54, 87, 74, 56, 36, 66, 34, 44, 62, 67, 35, 65, 28, 24, 37, 39, 43, 24, 31, 1, 11, 92, 71, 43, 68, 35, 100, 5, 23, 5, 92, 90, 37, 36, 75, 90, 0, 93, 99, 67, 49, 53, 1, 28, 99, 84, 9, 56, 35, 35, 6, 34, 99, 8, 86, 95, 39],
    [22, 50, 87, 88, 87, 7, 56, 67, 97, 33, 16, 41, 82, 25, 30, 76, 78, 19, 53, 71, 17, 99, 63, 18, 92, 88, 22, 81, 52, 42, 9, 90, 47, 57, 28, 12, 70, 10, 92, 64, 41, 39, 68, 99, 72, 15, 74, 74, 71, 9, 24, 91, 46, 10, 77, 35, 78, 1, 63, 3, 66, 27, 16, 52, 23, 99, 69, 63, 86, 58, 78, 83, 67, 42, 56, 19, 88, 54, 99, 75, 0, 5, 1, 41, 39, 89, 91, 82, 82, 12, 33, 53, 72, 66, 73, 20, 12, 100, 5, 20],
    [57, 46, 22, 64, 29, 93, 89, 5, 11, 92, 91, 8, 86, 18, 29, 31, 77, 30, 100, 1, 41, 10, 49, 69, 89, 41, 12, 5, 45, 68, 71, 3, 47, 53, 34, 2, 62, 25, 89, 31, 56, 73, 47, 23, 71, 84, 96, 53, 23, 91, 51, 83, 85, 62, 51, 47, 98, 57, 39, 34, 37, 39, 99, 67, 49, 90, 72, 10, 76, 4, 32, 40, 75, 74, 7, 64, 31, 6, 95, 69, 26, 0, 95, 4, 89, 100, 21, 75, 51, 29, 97, 85, 74, 8, 18, 86, 72, 59, 74, 72],
    [63, 42, 9, 9, 66, 52, 80, 81, 34, 6, 24, 20, 37, 8, 100, 9, 54, 44, 12, 2, 21, 39, 39, 97, 69, 16, 28, 29, 95, 55, 68, 45, 17, 32, 94, 63, 92, 77, 100, 14, 30, 67, 2, 94, 38, 73, 49, 49, 37, 10, 60, 66, 97, 37, 8, 9, 27, 92, 97, 47, 22, 12, 56, 64, 9, 53, 86, 56, 15, 45, 91, 33, 100, 5, 39, 30, 75, 10, 94, 94, 49, 14, 0, 54, 29, 64, 20, 70, 56, 70, 76, 6, 36, 73, 9, 33, 22, 47, 98, 78],
    [53, 25, 9, 13, 85, 36, 39, 5, 65, 84, 6, 80, 49, 34, 40, 7, 96, 76, 38, 88, 10, 10, 53, 32, 47, 37, 9, 88, 56, 58, 27, 25, 72, 54, 26, 25, 35, 97, 16, 11, 46, 3, 53, 28, 75, 94, 57, 64, 58, 22, 61, 89, 64, 29, 94, 80, 21, 20, 55, 68, 43, 10, 39, 36, 26, 40, 30, 33, 62, 54, 24, 2, 36, 96, 36, 36, 41, 40, 64, 79, 90, 37, 76, 0, 28, 76, 29, 5, 87, 88, 84, 4, 94, 24, 75, 58, 90, 23, 47, 83],
    [29, 93, 64, 31, 3, 40, 14, 27, 11, 63, 49, 39, 7, 70, 45, 66, 73, 17, 20, 52, 46, 46, 63, 38, 99, 24, 73, 88, 3, 12, 92, 99, 44, 60, 73, 27, 10, 22, 36, 64, 30, 35, 28, 6, 57, 57, 99, 60, 67, 92, 36, 4, 18, 69, 44, 83, 62, 80, 81, 22, 30, 67, 34, 22, 92, 58, 38, 13, 94, 75, 60, 64, 11, 64, 41, 32, 54, 61, 71, 83, 80, 51, 14, 97, 0, 15, 35, 83, 47, 34, 63, 8, 97, 78, 62, 24, 74, 78, 68, 62],
    [53, 64, 14, 11, 71, 55, 14, 51, 3, 12, 28, 6, 23, 50, 69, 47, 40, 67, 49, 28, 96, 17, 36, 91, 37, 25, 86, 73, 18, 17, 84, 16, 88, 43, 40, 50, 79, 95, 35, 81, 54, 18, 96, 27, 93, 93, 3, 68, 76, 14, 69, 9, 33, 30, 63, 19, 18, 47, 56, 73, 61, 59, 63, 38, 11, 28, 70, 98, 2, 47, 47, 45, 66, 75, 1, 40, 68, 9, 100, 74, 21, 82, 59, 72, 45, 0, 5, 47, 73, 19, 20, 10, 53, 62, 81, 65, 11, 27, 14, 89],
    [32, 56, 72, 3, 46, 46, 8, 47, 56, 47, 83, 61, 78, 88, 18, 38, 28, 21, 52, 77, 97, 40, 73, 18, 80, 14, 45, 77, 30, 69, 96, 80, 48, 60, 20, 76, 63, 54, 90, 24, 28, 96, 31, 65, 66, 87, 100, 66, 93, 3, 84, 14, 75, 91, 21, 42, 41, 8, 54, 56, 18, 80, 90, 84, 3, 76, 70, 47, 87, 45, 9, 53, 79, 8, 63, 56, 18, 10, 27, 67, 28, 28, 82, 71, 25, 42, 0, 69, 10, 9, 80, 53, 54, 73, 15, 96, 87, 42, 96, 1],
    [81, 26, 1, 30, 54, 52, 87, 10, 32, 43, 89, 7, 9, 31, 84, 28, 64, 78, 78, 68, 50, 72, 56, 43, 9, 100, 26, 89, 71, 46, 93, 82, 2, 26, 64, 17, 84, 41, 7, 38, 14, 81, 59, 23, 75, 33, 60, 79, 39, 90, 9, 93, 50, 95, 97, 32, 52, 56, 73, 22, 17, 17, 9, 31, 92, 96, 5, 35, 77, 51, 32, 26, 50, 12, 73, 83, 50, 54, 88, 77, 35, 94, 17, 44, 41, 73, 47, 0, 19, 52, 10, 93, 79, 22, 82, 35, 42, 78, 80, 36],
    [35, 29, 78, 92, 21, 17, 8, 67, 88, 88, 78, 93, 39, 83, 8, 86, 60, 88, 75, 33, 36, 20, 41, 74, 36, 66, 91, 79, 9, 57, 43, 78, 77, 21, 65, 9, 83, 89, 3, 15, 90, 94, 17, 90, 54, 30, 91, 69, 89, 62, 1, 83, 70, 47, 46, 79, 62, 53, 44, 4, 52, 84, 79, 8, 82, 8, 88, 52, 48, 91, 64, 31, 70, 89, 6, 46, 57, 13, 7, 24, 51, 97, 45, 98, 41, 57, 60, 90, 0, 2, 96, 85, 19, 13, 37, 93, 87, 44, 20, 10],
    [91, 12, 70, 82, 69, 22, 53, 83, 46, 85, 62, 96, 76, 74, 38, 40, 50, 30, 8, 27, 22, 57, 12, 39, 95, 15, 41, 67, 82, 39, 15, 38, 14, 90, 1, 67, 64, 7, 92, 64, 27, 56, 62, 6, 58, 64, 38, 54, 52, 36, 49, 13, 56, 43, 20, 7, 60, 72, 41, 6, 55, 20, 48, 44, 91, 60, 44, 66, 87, 5, 57, 59, 16, 100, 95, 34, 84, 79, 97, 1, 41, 70, 40, 79, 18, 27, 88, 34, 74, 0, 19, 74, 51, 88, 99, 13, 69, 60, 35, 98],
    [75, 68, 90, 92, 5, 80, 9, 73, 5, 10, 90, 37, 63, 23, 36, 41, 62, 61, 40, 66, 8, 79, 88, 9, 31, 77, 82, 6, 23, 71, 54, 63, 41, 28, 81, 49, 93, 49, 5, 89, 83, 91, 19, 15, 14, 34, 79, 61, 66, 88, 70, 20, 100, 10, 60, 88, 51, 59, 73, 60, 6, 58, 39, 42, 12, 40, 92, 78, 92, 34, 50, 63, 14, 64, 24, 79, 36, 36, 23, 4, 64, 97, 26, 16, 78, 98, 31, 17, 9, 56, 0, 6, 7, 86, 31, 92, 2, 40, 31, 53],
    [96, 35, 63, 87, 36, 22, 3, 31, 28, 44, 68, 88, 34, 32, 2, 71, 56, 79, 39, 88, 47, 19, 85, 59, 20, 6, 20, 86, 78, 31, 79, 57, 18, 83, 86, 69, 89, 99, 82, 23, 77, 85, 39, 35, 76, 100, 95, 20, 59, 63, 67, 77, 4, 75, 24, 68, 67, 82, 14, 67, 13, 19, 49, 80, 40, 51, 56, 95, 24, 76, 36, 67, 44, 68, 48, 93, 17, 5, 53, 47, 33, 46, 48, 34, 35, 94, 63, 97, 33, 13, 26, 0, 17, 69, 20, 14, 44, 4, 94, 6],
    [75, 7, 49, 41, 17, 39, 65, 30, 21, 24, 26, 94, 91, 56, 86, 90, 67, 47, 18, 77, 78, 85, 86, 74, 92, 73, 34, 65, 54, 45, 7, 55, 55, 33, 18, 28, 56, 53, 4, 17, 92, 18, 42, 87, 47, 62, 80, 27, 61, 17, 57, 47, 54, 45, 60, 16, 75, 57, 2, 49, 9, 70, 82, 50, 25, 87, 38, 70, 67, 24, 80, 60, 48, 81, 16, 59, 79, 58, 67, 12, 82, 77, 19, 70, 65, 73, 16, 19, 40, 91, 41, 62, 0, 37, 69, 61, 72, 32, 67, 26],
    [63, 86, 55, 13, 91, 55, 5, 33, 54, 20, 4, 19, 77, 76, 44, 71, 13, 88, 29, 7, 55, 42, 37, 63, 7, 56, 65, 3, 72, 91, 51, 86, 40, 66, 82, 9, 62, 51, 2, 32, 27, 98, 24, 95, 7, 75, 57, 36, 8, 56, 80, 59, 17, 65, 47, 87, 52, 26, 9, 13, 43, 99, 9, 40, 14, 85, 70, 99, 76, 24, 36, 68, 31, 42, 90, 54, 32, 34, 57, 1, 58, 89, 80, 86, 5, 74, 51, 15, 10, 45, 2, 3, 15, 0, 28, 85, 83, 94, 70, 78],
    [38, 46, 24, 96, 99, 55, 31, 74, 68, 3, 61, 89, 70, 62, 36, 18, 65, 40, 28, 44, 22, 13, 69, 66, 91, 77, 39, 10, 67, 80, 44, 19, 70, 75, 29, 50, 39, 87, 75, 5, 17, 73, 92, 17, 70, 71, 30, 92, 91, 4, 6, 78, 67, 47, 90, 84, 41, 30, 46, 69, 7, 90, 16, 32, 63, 92, 77, 80, 87, 95, 53, 80, 62, 59, 3, 37, 56, 83, 36, 58, 22, 75, 30, 17, 57, 73, 37, 50, 2, 78, 54, 5, 11, 45, 0, 11, 7, 75, 99, 40],
    [84, 79, 73, 12, 86, 82, 39, 25, 62, 89, 26, 41, 75, 2, 3, 100, 52, 94, 42, 53, 48, 48, 82, 77, 46, 13, 5, 91, 26, 56, 78, 33, 95, 5, 62, 61, 56, 5, 29, 36, 98, 77, 14, 42, 7, 13, 60, 97, 93, 66, 34, 99, 100, 93, 19, 50, 80, 63, 35, 22, 6, 71, 72, 59, 89, 70, 30, 65, 14, 41, 35, 83, 44, 23, 4, 59, 72, 48, 93, 48, 91, 80, 63, 98, 49, 42, 42, 56, 11, 25, 38, 40, 1, 61, 55, 0, 14, 71, 59, 11],
    [23, 87, 58, 61, 69, 73, 82, 69, 97, 9, 8, 44, 69, 37, 38, 66, 22, 29, 58, 31, 47, 2, 52, 28, 46, 34, 70, 73, 39, 15, 81, 63, 5, 1, 53, 18, 29, 80, 60, 80, 17, 9, 17, 21, 77, 38, 39, 46, 49, 41, 43, 64, 40, 91, 91, 85, 12, 65, 32, 39, 42, 88, 22, 48, 31, 65, 36, 1, 54, 91, 61, 79, 86, 61, 57, 72, 38, 84, 34, 55, 11, 72, 76, 85, 11, 16, 42, 57, 55, 86, 33, 31, 80, 55, 49, 94, 0, 58, 90, 72],
    [86, 38, 68, 36, 73, 36, 14, 6, 61, 42, 28, 4, 8, 16, 33, 63, 16, 56, 20, 33, 10, 6, 18, 33, 7, 65, 85, 60, 71, 98, 61, 52, 44, 50, 66, 67, 35, 42, 36, 2, 49, 90, 70, 32, 54, 35, 34, 15, 56, 48, 17, 46, 100, 74, 67, 98, 5, 47, 23, 55, 81, 63, 35, 30, 78, 77, 16, 60, 33, 60, 20, 74, 60, 35, 93, 48, 72, 74, 14, 87, 85, 9, 6, 38, 20, 41, 34, 65, 85, 95, 94, 73, 43, 35, 5, 15, 53, 0, 24, 11],
    [29, 41, 16, 28, 10, 17, 90, 17, 61, 39, 14, 19, 97, 31, 7, 62, 50, 4, 87, 50, 81, 33, 83, 51, 59, 49, 45, 99, 35, 13, 8, 36, 40, 61, 24, 48, 99, 84, 43, 79, 30, 15, 91, 76, 42, 59, 72, 61, 86, 69, 100, 22, 80, 25, 98, 10, 76, 28, 8, 31, 76, 5, 12, 94, 86, 61, 100, 90, 62, 3, 20, 36, 8, 61, 72, 83, 13, 27, 32, 68, 24, 38, 49, 82, 32, 8, 32, 40, 99, 82, 48, 47, 38, 64, 51, 36, 79, 100, 0, 74],
    [19, 6, 87, 40, 41, 78, 64, 14, 4, 67, 95, 33, 52, 48, 69, 44, 78, 64, 92, 6, 24, 51, 68, 81, 65, 69, 16, 80, 84, 69, 88, 11, 99, 29, 10, 87, 8, 58, 43, 71, 86, 82, 61, 1, 49, 15, 98, 11, 83, 16, 24, 64, 15, 34, 89, 20, 97, 11, 54, 33, 80, 81, 57, 16, 22, 85, 97, 81, 65, 85, 18, 17, 97, 71, 62, 50, 39, 57, 24, 97, 83, 26, 98, 8, 13, 11, 27, 57, 61, 97, 55, 78, 82, 17, 24, 86, 2, 62, 14, 0]
]
wcss = []
for k in range(1, 11):
    kmeans = KMeans(n_clusters=k, init='k-means++', max_iter=300, n_init=10, random_state=0)
    kmeans.fit(X)  # X is your data matrix
    wcss.append(kmeans.inertia_)

# Calculate the second derivative of the WCSS curve
wcss_d2 = np.gradient(np.gradient(wcss))

# Find the value of k at the maximum curvature point
k_opt = np.argmax(wcss_d2) + 1

print('Optimal number of clusters k:', k_opt)


import matplotlib.pyplot as plt
from sklearn.cluster import KMeans

# Define the data matrix X and the list of data point names
#X = [[1, 2],
    #  [2, 1],
    #  [2, 3],
    #  [5, 4],
    #  [6, 5],
    #  [7, 7]]

names = ['A', 'B', 'C', 'D', 'E', 'F']

# Fit K-means clustering to the data matrix
kmeans = KMeans(n_clusters=15 , init='k-means++', max_iter=300, n_init=10, random_state=0)
labels = kmeans.fit_predict(X)

# Plot the data matrix and the labels
plt.figure(figsize=(8, 6))
plt.scatter([x[0] for x in X], [x[1] for x in X], c=labels, cmap='viridis')

# Add the data point names as labels
for i, name in enumerate(names):
    plt.annotate(name, (X[i][0], X[i][1]))

# Add plot title and axis labels
plt.title('K-means clustering with 3 clusters')
plt.xlabel('Feature 1')
plt.ylabel('Feature 2')
plt.show()
